# metadata {"m": 1.0, "v": 1.0, "b": 8.0, "omega_min": 0.959716, "omega_max": 0.999, "n_points": 60.0, "phi0_cap": 10.0, "x_min": -1.0, "x_max": 6.0, "prefer_side": 1.0}
# columns: omega  wtilde  charge
9.597160000000e-01 9.597160000000e-01 2.666627778873e+02
9.603818305085e-01 9.603818305085e-01 2.666662344590e+02
9.610476610169e-01 9.610476610169e-01 2.666939304106e+02
9.617134915254e-01 9.617134915254e-01 2.667466138065e+02
9.623793220339e-01 9.623793220339e-01 2.668254602568e+02
9.630451525424e-01 9.630451525424e-01 2.669314336644e+02
9.637109830508e-01 9.637109830508e-01 2.670656720161e+02
9.643768135593e-01 9.643768135593e-01 2.672294799336e+02
9.650426440678e-01 9.650426440678e-01 2.674241484262e+02
9.657084745763e-01 9.657084745763e-01 2.676509976361e+02
9.663743050847e-01 9.663743050847e-01 2.679116648665e+02
9.670401355932e-01 9.670401355932e-01 2.682076309045e+02
9.677059661017e-01 9.677059661017e-01 2.685407253383e+02
9.683717966102e-01 9.683717966102e-01 2.689126999901e+02
9.690376271186e-01 9.690376271186e-01 2.693256251265e+02
9.697034576271e-01 9.697034576271e-01 2.697817166524e+02
9.703692881356e-01 9.703692881356e-01 2.702831873738e+02
9.710351186441e-01 9.710351186441e-01 2.708326586192e+02
9.717009491525e-01 9.717009491525e-01 2.714327812293e+02
9.723667796610e-01 9.723667796610e-01 2.720866550594e+02
9.730326101695e-01 9.730326101695e-01 2.727974174906e+02
9.736984406780e-01 9.736984406780e-01 2.735685445234e+02
9.743642711864e-01 9.743642711864e-01 2.744040621565e+02
9.750301016949e-01 9.750301016949e-01 2.753081500623e+02
9.756959322034e-01 9.756959322034e-01 2.762854151526e+02
9.763617627119e-01 9.763617627119e-01 2.773408128746e+02
9.770275932203e-01 9.770275932203e-01 2.784802649564e+02
9.776934237288e-01 9.776934237288e-01 2.797098043235e+02
9.783592542373e-01 9.783592542373e-01 2.810363455187e+02
9.790250847458e-01 9.790250847458e-01 2.824676335536e+02
9.796909152542e-01 9.796909152542e-01 2.840123296634e+02
9.803567457627e-01 9.803567457627e-01 2.856797934528e+02
9.810225762712e-01 9.810225762712e-01 2.874811033152e+02
9.816884067797e-01 9.816884067797e-01 2.894284097907e+02
9.823542372881e-01 9.823542372881e-01 2.915355112255e+02
9.830200677966e-01 9.830200677966e-01 2.938181621258e+02
9.836858983051e-01 9.836858983051e-01 2.962944125488e+02
9.843517288136e-01 9.843517288136e-01 2.989849199538e+02
9.850175593220e-01 9.850175593220e-01 3.019141041908e+02
9.856833898305e-01 9.856833898305e-01 3.051094853584e+02
9.863492203390e-01 9.863492203390e-01 3.086043098429e+02
9.870150508475e-01 9.870150508475e-01 3.124369800608e+02
9.876808813559e-01 9.876808813559e-01 3.166538476978e+02
9.883467118644e-01 9.883467118644e-01 3.213106478594e+02
9.890125423729e-01 9.890125423729e-01 3.264745333072e+02
9.896783728814e-01 9.896783728814e-01 3.322282766380e+02
9.903442033898e-01 9.903442033898e-01 3.386749021936e+02
9.910100338983e-01 9.910100338983e-01 3.459441278962e+02
9.916758644068e-01 9.916758644068e-01 3.542029477208e+02
9.923416949153e-01 9.923416949153e-01 3.636681339448e+02
9.930075254237e-01 9.930075254237e-01 3.746315916479e+02
9.936733559322e-01 9.936733559322e-01 3.874911557948e+02
9.943391864407e-01 9.943391864407e-01 4.028111499092e+02
9.950050169492e-01 9.950050169492e-01 4.214223703248e+02
9.956708474576e-01 9.956708474576e-01 4.446055464457e+02
9.963366779661e-01 9.963366779661e-01 4.744655820225e+02
9.970025084746e-01 9.970025084746e-01 5.147626669895e+02
9.976683389831e-01 9.976683389831e-01 5.730774937359e+02
9.983341694915e-01 9.983341694915e-01 6.678611418445e+02
9.990000000000e-01 9.990000000000e-01 8.628411069497e+02
